V 54
K 1
D 0 -1778000 6350000 0
Y 1
U 5969000 762000 254000 0 2 3 REFDES=IC?
U 5969000 508000 254000 0 2 3 DEVICE=HCF4051BE
U 5969000 254000 254000 0 2 0 PKG_TYPE=DIP850W50P254L2000H510Q16N
U 5969000 0 254000 0 2 0 Description=Single 8-channel analog multiplexer/demultiplexer
U 5969000 -254000 254000 0 2 0 Datasheet Link=https://www.st.com/resource/en/datasheet/hcf4051.pdf
U 5969000 -508000 254000 0 2 0 Height=5.1
U 5969000 -762000 254000 0 2 0 Manufacturer_Name=STMicroelectronics
U 5969000 -1016000 254000 0 2 0 Manufacturer_Part_Number=HCF4051BE
U 5969000 -1270000 254000 0 2 0 Mouser Part Number=
U 5969000 -1524000 254000 0 2 0 Mouser Price/Stock=
U 5969000 -1778000 254000 0 2 0 Arrow Part Number=
U 5969000 -2032000 254000 0 2 0 Arrow Price/Stock=
U 0 0 254000 0 1 0 FORWARD_PCB=1
l 5 508000 254000 5842000 254000 5842000 -2032000 508000 -2032000 508000 254000
|GRPHSTL -1 -1 -1 1
P 1 0 0 508000 0 0 2 0
L 584200 0 228600 0 2 0 1 0 CHANNELS_IN/OUT_4
A 355600 50800 203200 0 9 3 #=1
A 0 0 9 0 3 0 PINTYPE=BI
P 2 0 -254000 508000 -254000 0 2 0
L 584200 -254000 228600 0 2 0 1 0 CHANNELS__IN/OUT_6
A 355600 -203200 203200 0 9 3 #=2
A 0 0 9 0 3 0 PINTYPE=BI
P 3 0 -508000 508000 -508000 0 2 0
L 584200 -508000 228600 0 2 0 1 0 COM_OUT/IN
A 355600 -457200 203200 0 9 3 #=3
A 0 0 9 0 3 0 PINTYPE=BI
P 4 0 -762000 508000 -762000 0 2 0
L 584200 -762000 228600 0 2 0 1 0 CHANNELS__IN/OUT_7
A 355600 -711200 203200 0 9 3 #=4
A 0 0 9 0 3 0 PINTYPE=BI
P 5 0 -1016000 508000 -1016000 0 2 0
L 584200 -1016000 228600 0 2 0 1 0 CHANNELS__IN/OUT_5
A 355600 -965200 203200 0 9 3 #=5
A 0 0 9 0 3 0 PINTYPE=BI
P 6 0 -1270000 508000 -1270000 0 2 0
L 584200 -1270000 228600 0 2 0 1 0 INH
A 355600 -1219200 203200 0 9 3 #=6
A 0 0 9 0 3 0 PINTYPE=BI
P 7 0 -1524000 508000 -1524000 0 2 0
L 584200 -1524000 228600 0 2 0 1 0 VEE
A 355600 -1473200 203200 0 9 3 #=7
A 0 0 9 0 3 0 PINTYPE=BI
P 8 0 -1778000 508000 -1778000 0 2 0
L 584200 -1778000 228600 0 2 0 1 0 VSS
A 355600 -1727200 203200 0 9 3 #=8
A 0 0 9 0 3 0 PINTYPE=BI
P 9 6350000 0 5842000 0 0 3 0
L 5765800 0 228600 0 8 0 1 0 VDD
A 5994400 50800 203200 0 3 3 #=16
A 0 0 9 0 3 0 PINTYPE=BI
P 10 6350000 -254000 5842000 -254000 0 3 0
L 5765800 -254000 228600 0 8 0 1 0 CHANNELS__IN/OUT_2
A 5994400 -203200 203200 0 3 3 #=15
A 0 0 9 0 3 0 PINTYPE=BI
P 11 6350000 -508000 5842000 -508000 0 3 0
L 5765800 -508000 228600 0 8 0 1 0 CHANNELS__IN/OUT_1
A 5994400 -457200 203200 0 3 3 #=14
A 0 0 9 0 3 0 PINTYPE=BI
P 12 6350000 -762000 5842000 -762000 0 3 0
L 5765800 -762000 228600 0 8 0 1 0 CHANNELS__IN/OUT_0
A 5994400 -711200 203200 0 3 3 #=13
A 0 0 9 0 3 0 PINTYPE=BI
P 13 6350000 -1016000 5842000 -1016000 0 3 0
L 5765800 -1016000 228600 0 8 0 1 0 CHANNELS__IN/OUT_3
A 5994400 -965200 203200 0 3 3 #=12
A 0 0 9 0 3 0 PINTYPE=BI
P 14 6350000 -1270000 5842000 -1270000 0 3 0
L 5765800 -1270000 228600 0 8 0 1 0 A
A 5994400 -1219200 203200 0 3 3 #=11
A 0 0 9 0 3 0 PINTYPE=BI
P 15 6350000 -1524000 5842000 -1524000 0 3 0
L 5765800 -1524000 228600 0 8 0 1 0 B
A 5994400 -1473200 203200 0 3 3 #=10
A 0 0 9 0 3 0 PINTYPE=BI
P 16 6350000 -1778000 5842000 -1778000 0 3 0
L 5765800 -1778000 228600 0 8 0 1 0 C
A 5994400 -1727200 203200 0 3 3 #=9
A 0 0 9 0 3 0 PINTYPE=BI
E
